,10/10/2017,11/10/2017,12/10/2017,13/10/2017,14/10/2017,15/10/2017,16/10/2017,17/10/2017,18/10/2017,19/10/2017,20/10/2017,21/10/2017,22/10/2017,23/10/2017,24/10/2017,25/10/2017,26/10/2017,27/10/2017,28/10/2017,29/10/2017,30/10/2017,31/10/2017,01/11/2017,02/11/2017,03/11/2017,04/11/2017,05/11/2017,06/11/2017,07/11/2017,08/11/2017,09/11/2017,10/11/2017,11/11/2017,12/11/2017,13/11/2017,14/11/2017,15/11/2017,16/11/2017,17/11/2017,18/11/2017,19/11/2017,20/11/2017,21/11/2017,22/11/2017,23/11/2017,24/11/2017,25/11/2017,26-Nov
720
85
50
65
64
65
31
78
57
60
64
70
60
6
73
65
65
73
67
62
31
82
63
72
50
56
65
23
79
66
59
70
78
88
22
45
69
60
68
70
51
25
77
64
66
66
60
43
18
925
63
61
36
33
43
23
35
55
26
35
75
90
56
59
57
64
60
61
100
52
56
52
65
53
51
79
41
58
59
59
68
100
100
44
42
45
32
63
64
74
50
52
59
48
52
55
68
48
1130
85
50
35
49
52
34
55
32
15
70
90
67
53
66
65
38
75
82
84
48
61
60
62
60
58
59
48
68
59
66
74
100
96
45
47
54
61
63
69
78
49
64
63
56
58
69
60
60
1335
100
100
100
88
79
82
83
14
14
95
100
77
83
82
85
62
86
100
75
81
80
73
67
87
100
67
63
74
73
73
97
100
89
73
37
54
74
82
84
60
65
84
72
83
81
77
76
65
1550
100
100
98
100
75
84
85
100
100
100
100
91
89
75
85
74
100
100
81
84
90
80
100
87
100
68
79
74
86
88
100
100
75
73
75
80
99
100
100
72
91
75
73
99
100
100
81
85
1750
89
100
96
100
65
83
59
74
90
97
100
67
78
64
71
60
83
100
64
79
68
5
88
68
100
56
70
53
74
58
100
100
56
60
41
76
61
76
100
57
68
59
64
75
88
95
65
71
1950
6
58
53
86
42
46
33
33
24
58
100
46
45
32
49
35
51
100
45
51
31
34
41
47
96
39
100
38
44
34
69
100
36
39
31
38
39
46
59
50
40
31
42
47
50
57
40
51
2145
40
13
25
30
31
22
17
28
19
25
64
23
22
20
29
19
29
51
27
23
15
20
19
18
29
22
28
15
15
19
22
100
17
19
15
20
23
22
22
23
21
15
20
19
29
24
22
25
